44547 26793
83532 50233
107866 9487
69276 32513
5077 31130
75215 47487
87501 62145
110437 86643
68317 41533
44964 53835
16744 42909
59828 89251
69649 80982
23346 47643
26722 24791
59679 3462
83555 47480
108058 36048
48825 59913
46989 75740
26982 81646
35318 6568
65129 83841
60890 58726
110850 69270
20545 54595
38232 68707
91482 66563
50237 87941
55227 37519
14912 71906
11757 36713
98678 39462
66877 24410
75253 10960
64740 38161
103216 99369
5350 20266
92347 33387
96681 38201
99446 10552
116369 36992
53815 61988
38811 65620
83725 78615
77424 83983
28043 5904
30572 10837
6445 54249
117997 59593
121094 16070
15903 90606
22325 25011
56500 91447
30109 39807
78840 88876
57772 5050
39357 30136
14422 50261
78908 9017
93498 14372
115363 68414
114331 83750
99960 8172
107655 91171
99392 87279
79380 46705
96993 59686
54473 43228
32414 96341
37509 79404
74322 44625
32040 85752
44997 33812
29942 10730
26830 79522
109091 70137
13578 48634
12253 32047
22912 30544
95170 10420
101551 28592
14837 92159
54882 93884
33470 83935
18878 92098
111414 39429
53559 82821
120367 87831
81192 40910
51997 40024
35501 20184
64387 42392
103403 35910
91744 71932
61987 11085
43186 53360
30749 21810
423 1012
113283 7409
93415 50331
108702 98716
36058 5678
72082 66073
13087 18150
74057 81387
47122 91958
118674 38478
65725 97574
12305 5692
30315 8035
22151 5615
27690 96719
95085 65342
79518 38005
115399 71552
4058 77485
100356 35092
42369 81042
68310 31140
45105 63017
117115 91678
98608 15521
54701 27847
13494 27633
31464 79781
34827 44165
60713 79774
8643 30087
116006 17556
2641 27000
67930 64977
20594 98135
114125 59069
52421 28009
56498 6654
7035 379
77675 36794
8375 39170
55166 25276
35779 3540
57633 58687
1051 5879
35770 89542
47076 23717
104818 68986
91731 77789
32584 33249
98596 70525
42645 11865
83231 67605
18802 25389
10424 99930
28561 64633
27224 24982
35446 89981
43032 35331
56695 63515
74134 21389
49778 71596
50140 56908
47816 58349
25067 3483
104929 19784
76032 10726
50420 57313
112873 32982
75685 84044
6842 77923
54238 6110
107367 74582
39962 63429
97325 20499
30122 82714
71603 39998
38920 45775
54917 53023
10946 67227
45076 48868
63435 59613
117559 6234
69224 63797
62986 8008
116987 46032
99125 31176
76145 92249
19017 41868
35558 29525
1101 11847
96749 72681
62240 20978
101881 45208
117175 16843
33420 74544
62247 8554
45292 29695
85097 92238
101287 966
77330 53109
121116 87819
18922 18498
14496 90715
103736 86356
47539 25609
62446 46694
53441 95575
119440 51266
23495 29509
45930 71348
112514 19769
13295 18364
60381 91022
44974 35713
116091 72075
81473 66143
58391 87506
19492 87617
40747 9823
72385 2725
58753 75785
8400 21001
73293 63941
68575 87132
118910 31118
109569 17614
50257 51068
1507 40178
53845 54626
41190 10218
5729 40241
119784 93795
50205 23058
84843 47338
105485 54134
95542 30571
33502 45962
87469 51420
22862 21305
103306 99654
38492 82307
63597 11701
76333 41572
75948 25797
55662 17407
46745 56592
60808 25147
33580 21057
81691 37330
56115 87731
30160 11839
34610 95643
49834 7316
16592 90222
84246 52795
38211 7370
51507 43945
28489 53055
117901 29734
106651 10922
84248 91440
38747 33002
17164 59769
54915 40519
67710 14412
40942 47385
20793 37992
2445 3237
89781 65687
60306 64869
82192 23518
88463 12784
6020 89120
85058 58393
111912 45730
52323 45210
117646 26252
43271 16090
118781 56675
15702 10267
8543 51363
19679 14218
28456 78915
56483 81104
97987 32577
111722 84555
27475 18686
21076 83817
32837 67010
79309 94611
3304 9263
115262 82806
52498 19114
7708 97549
81212 42378
14133 31312
95430 50353
45291 64878
87809 89114
99623 28549
113449 67889
24169 16294
23007 747
41132 72384
18936 98607
26608 89351
82608 89999
80038 19087
82733 19917
48358 32516
95694 72970
12865 84504
90862 60673
99329 88867
35193 9513
86532 78923
105321 93349
17038 37119
47470 39103
40429 46001
43345 19156
76586 61717
32715 54642
100526 44869
23594 65271
106794 40705
36014 1299
40913 82616
17843 22880
24043 83980
105115 89297
52359 22421
53425 25921
116816 35972
45530 81073
59930 64033
38948 51256
28393 83858
75451 58388
110527 72485
32097 62352
118050 89629
104736 81035
79096 65360
25248 86012
56613 22926
32443 68559
18024 35116
27043 41435
94777 44452
119224 23077
92073 31045
37039 87970
97153 8925
96411 25439
61152 55783
87395 742
86140 54113
82272 2152
103131 94093
113789 19501
97125 1384
16355 73993
48574 50088
7614 1190
113315 91954
91000 43308
32489 31308
81932 28769
15817 6251
38231 79625
38934 22953
24453 3723
104608 95179
24335 26318
53239 78926
92841 50103
2446 98259
5136 95774
113435 27387
111950 56509
22697 41785
95154 6299
41213 42072
14210 97587
114142 84815
40383 82635
21487 8398
10702 60767
112820 46620
19240 66478
55778 65389
101900 50105
99516 76655
88152 27055
71337 61952
85162 34693
9305 59668
83553 72967
77446 97827
83494 30097
110117 58443
44194 61773
91177 94394
13545 273
46134 99286
50554 88309
118872 82646
88759 97732
57380 11879
72582 31073
27898 24156
104169 38818
44858 5586
109409 79562
22486 19126
4987 31889
119450 5416
73108 93652
30630 33509
89497 27637
89593 35313
70755 60630
77710 36028
19801 28315
90309 65929
117780 95237
1437 36706
43064 13234
64524 22963
117219 5759
112397 90914
80747 88543
86534 56347
13883 92967
34948 6873
65685 30675
99036 90420
73172 52823
36159 98153
89333 77887
47921 97874
66783 62259
95226 99949
41524 88312
50570 98911
622 90828
60629 84643
60433 80704
101136 19865
119263 9169
66629 97191
86338 11291
11748 65255
29380 71621
36638 56327
64944 11712
24186 72615
70529 10407
61027 16897
14597 83808
17698 81365
53786 41659
70197 32765
105892 61094
111703 93141
31177 53957
29524 46356
19241 35648
42980 10593
13869 67628
52557 95297
89253 14473
64438 45425
21003 2827
10326 41089
51807 19179
29135 53243
119492 57470
96747 26809
29983 50999
35333 14900
108823 62351
7751 66746
57130 30346
80891 61706
23434 91788
89234 61985
36062 10759
23978 35940
60826 32365
3789 19426
99905 35690
83200 72093
15201 62344
100229 86638
61423 13387
114238 67813
13424 24216
38903 41688
45204 99524
22797 49543
48485 74087
79425 36025
8987 86645
1155 69239
14035 56686
95179 37159
92246 82343
11130 95559
11990 87958
112082 44398
114016 66340
18448 26364
114024 71312
39371 10460
12277 87709
120476 77173
108128 35515
16150 75055
5317 47372
52088 55899
38178 57572
42950 5089
1116 87686
71785 35268
115960 2834
25071 8511
38783 92555
116364 91607
87037 55948
50471 50883
33344 28338
41488 23812
72593 2446
13995 34209
10535 95554
67432 53204
87974 93717
32087 49305
42507 32565
42989 10546
57424 21416
116648 48513
110140 40232
102378 86921
36466 77442
22045 47329
63948 67925
76117 52520
116978 69931
68974 23246
34623 36213
101416 24213
81148 30205
63278 85430
111787 64595
56360 26402
114807 83305
42115 71651
19944 31658
109343 75152
15498 22936
39603 15211
111252 8017
7337 47705
104982 85166
111315 75211
57940 53597
53890 28712
89818 85859
14800 63160
15004 35288
105366 99421
105230 39676
104052 69307
88025 18468
92821 65157
110285 43130
110995 36717
51811 62915
107666 49632
6583 87568
51989 39081
50686 47510
84562 28882
20133 60712
105189 17068
88786 17626
106069 62717
70812 65336
103446 81848
88771 9835
120224 26469
21516 64105
90011 93405
88360 73001
75184 47951
63315 49476
8225 29737
37370 83579
44317 32406
93992 86157
38445 86956
100080 76240
69210 10264
18620 90328
103347 79515
47526 76170
93643 5186
100754 11595
32951 78855
35984 25407
108971 95629
47490 60185
23262 55188
111758 79381
91002 37097
60835 93251
32194 87622
34657 8119
3295 57170
58405 83567
94320 9182
33881 84137
110103 71547
72112 62523
628 84725
32564 46975
41255 93642
36992 2761
9459 19394
95183 67189
90008 57287
62287 16306
11973 56921
42295 83409
36612 17127
72637 85830
43108 88246
36699 32108
14850 88682
110986 38937
27033 75095
72800 58585
2891 28775
30015 63712
16037 96323
32160 73390
103224 37756
19232 16181
33382 67455
104587 41261
67562 19756
72767 87562
119131 29306
50640 46269
98228 85405
24232 67873
119869 78821
27742 32117
33988 21322
69963 62278
107732 17652
88042 2436
17379 29156
119051 23807
110337 60395
56726 74518
71387 72199
21184 6800
7690 92399
38739 15604
99648 62789
51954 57044
60366 1529
4407 2536
40802 69665
68422 3585
59018 51577
14794 73641
79441 89583
76040 91270
102853 93051
10600 24131
83869 22215
88247 40060
7521 99685
64515 66354
58607 44443
41522 73855
55853 38980
116508 51167
46848 29917
91412 15038
105409 17531
72602 10135
48879 41313
48347 26553
53122 32344
63805 48962
27003 50562
82666 23618
48956 80051
1219 76795
88707 48153
7199 38514
22701 79224
3781 22847
43964 16027
43600 13151
65573 73220
84679 80599
77339 25261
7418 84384
89118 93551
26315 16111
48969 83244
677 29559
43963 77734
115976 8437
7323 25176
13765 78025
74651 37198
2424 62292
84970 94012
105492 88045
71823 97320
14323 2173
57947 25170
61087 40896
6041 7504
44474 65607
95685 36547
71293 23776
76711 82933
40157 22101
45444 51202
53599 91879
53858 38659
67055 60171
36313 74394
43979 2550
11892 73630
54689 4109
48268 53145
62536 76236
1394 96907
54567 56690
87296 34613
26859 90479
31477 96068
109431 77315
82780 23558
39282 17631
89207 96145
31953 2955
96022 30609
107462 31904
36462 20267
80339 71495
18058 73323
104263 7154
68014 85141
65678 25595
73347 33641
3147 95500
64876 6998
2336 53485
86198 42505
114311 71739
110343 61184
43475 96139
60790 21999
33620 80988
100743 91560
112523 90936
93473 64378
99024 49018
31319 92199
102861 55383
17268 7171
85278 67008
40387 7725
4924 15325
13414 8750
68110 86230
103454 17534
92422 62616
15959 26300
18695 90241
103079 79364
64632 94227
20231 83405
71135 10432
97486 56239
36256 92340
31569 23574
106055 99444
102494 86271
88579 94158
55998 81338
52228 91893
9723 48439
118422 8785
57018 67768
71935 80273
84154 64797
20714 46260
45637 9036
111233 13118
114895 86232
120956 89418
74271 96954
116288 87893
41192 90373
112525 990
35939 98303
95263 61136
74211 88903
16035 78139
54837 17209
102 38510
5133 31666
60373 33738
62395 99613
23596 61863
27646 75080
47943 3598
64913 62589
52374 6972
48549 47433
102483 5878
28872 29511
58105 84757
121209 78404
82648 43552
76846 71410
106819 59261
82941 60397
55293 3893
86391 14601
20424 68015
67311 19367
16217 25665
39211 49081
121199 69103
8604 8890
68092 12880
103838 71982
96642 4556
89170 56470
86400 75903
24024 7419
110373 66110
48454 51913
100391 57217
8018 52675
11516 10101
117988 66847
86984 42796
63431 50608
87973 49723
68740 19652
117924 54726
84332 55587
92560 1668
11003 20613
21777 21213
115531 43048
120786 34993
61763 27732
46350 68072
14438 57387
92782 73789
3219 21580
68933 62787
116784 79599
109403 22715
82812 43323
79500 4561
51346 4831
64558 64691
74434 19897
15848 87422
17927 82824
108772 24452
35029 61251
17991 26119
75308 18108
113627 95470
98206 33005
98807 59156
62699 13523
89645 99932
12475 91984
25544 67430
114848 50798
86440 95475
34493 30015
67776 49279
38837 95072
38028 69363
92860 71873
43419 56527
48978 8234
10381 82393
11096 2327
48036 69188
69396 22051
73525 12374
2927 35559
88336 17176
8970 27853
32279 6070
35166 42781
67711 90550
21873 37005
75831 68032
109594 49895
44960 64975
42851 4779
113803 6132
43660 14587
119794 80317
18175 40079
30337 77511
80100 65833
111694 43336
56367 24109
56497 35063
99029 48430
64608 17706
108623 38433
100645 19196
91552 15921
7202 96939
53125 79907
88994 11370
91517 80577
111936 61638
34440 73002
21338 45786
9219 50352
4078 61419
4969 38553
111454 16138
87178 62796
112195 42562
32156 77782
21255 45003
83886 88845
4159 15743
27494 36445
38062 29288
65767 12798
93329 73584
71516 23953
114196 41326
94068 6525
112753 16415
79200 70887
67509 58486
90836 71443
87586 52555
72849 59083
55622 23659
95904 54446
36207 50122
44088 38711
62516 10181
113936 5894
13476 45125
42364 17927
10030 35205
38221 20473
110444 6146
93863 30388
74778 99961
44300 46192
77257 73820
71156 49950
72252 80030
63900 85303
58034 70657
89915 74067
46716 5641
13671 76944
24194 50349
6739 93511
32798 46360
46914 95719
75623 72725
92912 9616
23319 18832
40658 65180
121157 21457
67098 20925
101129 785
6511 97439
97930 19709
