124 16507
7640 6184
11982 18518
5376 3572
1602 21185
2620 6449
5453 15708
1166 2190
4791 21603
2156 10039
4657 9742
1776 2047
1695 11832
3221 4612
777 13683
331 21280
4951 64187
2043 2485
2234 4846
7828 4188
3126 23372
1185 32144
3285 4156
5010 143
597 3797
1522 2104
2682 12948
6892 9010
148 6329
10693 9209
3458 12408
836 1452
9588 14948
3790 77578
1667 3555
653 20977
410 9570
1543 4175
1863 9883
2181 21318
615 9946
1435 5650
3692 2305
2096 46990
5775 3272
327 87689
159 28571
485 23978
68 24059
2874 15314
677 14237
6116 4075
646 13785
6927 4135
6318 4882
8737 20078
341 4743
2064 6475
1731 3650
1679 1254
1062 52
2146 8650
7858 8151
1085 7847
2846 81845
6019 30574
3870 1932
55 6829
5993 2121
2160 25999
3042 15987
1450 1970
2925 2157
1680 2624
2704 3074
811 8172
2931 14310
370 1576
1237 2249
812 2444
6109 9252
1373 7054
3822 4148
1637 8292
3147 5918
83 18848
2408 6848
4770 56199
526 15797
5940 10116
2223 10569
7986 8337
3958 7947
1730 3258
1758 3344
2265 60660
1866 8612
488 907
7001 45595
4576 28387
